1477709117, 1477716620
1477710379, 1477716615
1477707861, 1477716614
1477709571, 1477716618
1477715664, 1477716619
1477714238, 1477716614
1477715948, 1477716618
1477710647, 1477716622
1477709383, 1477716614
1477708436, 1477716622
1477714840, 1477716622
1477712005, 1477716618
1477708608, 1477716621
1477714805, 1477716618
1477716524, 1477716621
1477714533, 1477716620
1477707362, 1477716613
1477714790, 1477716616
1477715066, 1477716622
1477708161, 1477716620
1477713517, 1477716622
1477711345, 1477716622
1477709864, 1477716618
1477708500, 1477716619
1477707278, 1477716622
1477711973, 1477716617
1477706639, 1477716622
1477715767, 1477716620
1477709076, 1477716622
1477716543, 1477716613
1477710726, 1477716617
1477706955, 1477716615
1477714237, 1477716619
1477711769, 1477716615
1477711266, 1477716619
1477711119, 1477716614
1477710076, 1477716613
1477711756, 1477716618
1477715472, 1477716615
1477712536, 1477716618
1477716234, 1477716618
1477715981, 1477716617
1477714840, 1477716619
1477710821, 1477716615
1477713572, 1477716622
1477709736, 1477716614
1477709742, 1477716614
1477714430, 1477716619
1477715665, 1477716613
1477712067, 1477716615
1477711763, 1477716615
1477715628, 1477716615
1477707561, 1477716617
1477715641, 1477716617
1477714271, 1477716613
1477712087, 1477716619
1477709635, 1477716615
1477712247, 1477716617
1477714506, 1477716618
1477712387, 1477716613
1477709844, 1477716618
1477711034, 1477716622
1477712314, 1477716613
1477715077, 1477716620
1477708083, 1477716615
1477709161, 1477716614
1477711880, 1477716622
1477713461, 1477716618
1477712152, 1477716613
1477713574, 1477716618
1477707466, 1477716613
1477716525, 1477716615
1477707353, 1477716618
1477715940, 1477716619
1477714617, 1477716617
1477715096, 1477716619
1477714414, 1477716617
1477707952, 1477716614
1477709889, 1477716615
1477713808, 1477716615
1477715502, 1477716622
1477708984, 1477716614
1477712557, 1477716620
1477715059, 1477716614
1477715291, 1477716614
1477711997, 1477716620
1477707416, 1477716615
1477710971, 1477716620
1477716165, 1477716614
1477711348, 1477716619
1477709571, 1477716616
1477708141, 1477716614
1477714435, 1477716619
1477713478, 1477716615
1477711653, 1477716616
1477708450, 1477716621
1477712299, 1477716619
1477712300, 1477716616
1477716323, 1477716619
1477714217, 1477716613
